pre 1000262 1000007 0.6642 1505602 328002296 0.6599
post 1000262 1000007 0.6823 1465581 512003584 0.6780
pre 1000262 1000007 0.6748 1481869 328002296 0.6695
post 1000262 1000007 0.6835 1462976 512003584 0.6790
pre 1000262 1000007 0.7682 1301795 328002296 0.7638
post 1000262 1000007 0.7794 1282992 512003584 0.7746
pre 1000262 1000007 0.7745 1291245 328002296 0.7671
post 1000262 1000007 0.6913 1446470 512003584 0.6869
pre 1000262 1000007 0.6694 1493838 328002296 0.6652
post 1000262 1000007 0.6863 1457010 512003584 0.6798
pre 1000262 1000007 0.6645 1504940 328002296 0.6602
post 1000262 1000007 0.6814 1467545 512003584 0.6768
pre 1000262 1000007 0.6720 1487996 328002296 0.6678
post 1000262 1000007 0.6836 1462824 512003584 0.6794
pre 1000262 1000007 0.6739 1483866 328002296 0.6682
post 1000262 1000007 0.6980 1432747 512003584 0.6928
pre 1000262 1000007 0.6647 1504366 328002296 0.6606
post 1000262 1000007 0.6781 1474772 512003584 0.6736
pre 1000262 1000007 0.6820 1466375 328002296 0.6766
post 1000262 1000007 0.6955 1437798 512003584 0.6900
pre 1000262 1000007 0.7869 1270745 328002296 0.7828
post 1000262 1000007 0.7986 1252126 512003584 0.7940
pre 1000262 1000007 0.7889 1267653 328002296 0.7846
post 1000262 1000007 0.7876 1269721 512003584 0.7834
