pre 1000262 1000007 0.4290 2330935 328002296 0.4289
post 1000262 1000007 0.4373 2287012 512003584 0.4371
pre 1000262 1000007 0.4915 2034719 328002296 0.4912
post 1000262 1000007 0.5005 1997919 512003584 0.5001
pre 1000262 1000007 0.4932 2027676 328002296 0.4930
post 1000262 1000007 0.4948 2021211 512003584 0.4945
pre 1000262 1000007 0.4363 2292241 328002296 0.4359
post 1000262 1000007 0.4411 2267164 512003584 0.4405
pre 1000262 1000007 0.4309 2320497 328002296 0.4306
post 1000262 1000007 0.4429 2257987 512003584 0.4427
pre 1000262 1000007 0.4281 2336111 328002296 0.4278
post 1000262 1000007 0.4409 2268005 512003584 0.4407
pre 1000262 1000007 0.4287 2332791 328002296 0.4283
post 1000262 1000007 0.4417 2263975 512003584 0.4411
pre 1000262 1000007 0.4375 2285876 328002296 0.4371
post 1000262 1000007 0.5015 1994210 512003584 0.5007
pre 1000262 1000007 0.4904 2039100 328002296 0.4901
post 1000262 1000007 0.4980 2007996 512003584 0.4977
pre 1000262 1000007 0.4899 2041268 328002296 0.4896
post 1000262 1000007 0.5030 1988006 512003584 0.5027
pre 1000262 1000007 0.4530 2207549 328002296 0.4527
post 1000262 1000007 0.4382 2281995 512003584 0.4379
pre 1000262 1000007 0.4359 2293878 328002296 0.4354
post 1000262 1000007 0.4367 2289723 512003584 0.4365
pre 1000262 1000007 0.4280 2336562 328002296 0.4276
post 1000262 1000007 0.4489 2227464 512003584 0.4482
pre 1000262 1000007 0.4265 2344646 328002296 0.4263
post 1000262 1000007 0.4390 2277967 512003584 0.4388
pre 1000262 1000007 0.4296 2327976 328002296 0.4292
post 1000262 1000007 0.4375 2285583 512003584 0.4368
pre 1000262 1000007 0.4292 2329840 328002296 0.4288
post 1000262 1000007 0.4385 2280756 512003584 0.4378
pre 1000262 1000007 0.4289 2331497 328002296 0.4287
post 1000262 1000007 0.4382 2282172 512003584 0.4378
pre 1000262 1000007 0.4583 2181828 328002296 0.4580
post 1000262 1000007 0.4412 2266614 512003584 0.4410
pre 1000262 1000007 0.4273 2340477 328002296 0.4271
post 1000262 1000007 0.4452 2246094 512003584 0.4447
pre 1000262 1000007 0.4394 2276099 328002296 0.4387
post 1000262 1000007 0.4419 2263140 512003584 0.4415
pre 1000262 1000007 0.4278 2337323 328002296 0.4276
post 1000262 1000007 0.4486 2229238 512003584 0.4484
pre 1000262 1000007 0.4284 2334023 328002296 0.4281
post 1000262 1000007 0.4410 2267633 512003584 0.4408
pre 1000262 1000007 0.4281 2336010 328002296 0.4277
post 1000262 1000007 0.4376 2285373 512003584 0.4374
pre 1000262 1000007 0.4309 2320956 328002296 0.4306
post 1000262 1000007 0.4371 2287588 512003584 0.4369
pre 1000262 1000007 0.4350 2298759 328002296 0.4346
post 1000262 1000007 0.4399 2273033 512003584 0.4398
pre 1000262 1000007 0.4280 2336430 328002296 0.4278
post 1000262 1000007 0.4392 2277126 512003584 0.4385
pre 1000262 1000007 0.4322 2313966 328002296 0.4319
post 1000262 1000007 0.4384 2281073 512003584 0.4381
pre 1000262 1000007 0.4289 2331755 328002296 0.4287
post 1000262 1000007 0.4381 2282798 512003584 0.4378
pre 1000262 1000007 0.4316 2316828 328002296 0.4313
post 1000262 1000007 0.4391 2277502 512003584 0.4388
pre 1000262 1000007 0.4313 2318374 328002296 0.4311
post 1000262 1000007 0.4371 2287655 512003584 0.4369
pre 1000262 1000007 0.4248 2354127 328002296 0.4242
post 1000262 1000007 0.4398 2273558 512003584 0.4395
pre 1000262 1000007 0.4259 2348203 328002296 0.4255
post 1000262 1000007 0.4391 2277182 512003584 0.4390
pre 1000262 1000007 0.4301 2324845 328002296 0.4295
post 1000262 1000007 0.4386 2279763 512003584 0.4384
pre 1000262 1000007 0.4294 2328952 328002296 0.4290
post 1000262 1000007 0.4397 2274107 512003584 0.4395
pre 1000262 1000007 0.4314 2317826 328002296 0.4312
post 1000262 1000007 0.4356 2295464 512003584 0.4353
pre 1000262 1000007 0.4308 2321011 328002296 0.4305
post 1000262 1000007 0.4371 2287808 512003584 0.4367
pre 1000262 1000007 0.4427 2258916 328002296 0.4424
post 1000262 1000007 0.4397 2274381 512003584 0.4395
pre 1000262 1000007 0.4317 2316242 328002296 0.4315
post 1000262 1000007 0.4460 2241941 512003584 0.4457
pre 1000262 1000007 0.4373 2286733 328002296 0.4366
post 1000262 1000007 0.4383 2281537 512003584 0.4380
pre 1000262 1000007 0.4318 2316136 328002296 0.4315
post 1000262 1000007 0.4395 2275163 512003584 0.4393
pre 1000262 1000007 0.4271 2341549 328002296 0.4267
post 1000262 1000007 0.4401 2272059 512003584 0.4399
pre 1000262 1000007 0.4288 2332046 328002296 0.4286
post 1000262 1000007 0.4373 2286633 512003584 0.4368
pre 1000262 1000007 0.4301 2325175 328002296 0.4298
post 1000262 1000007 0.4490 2227326 512003584 0.4486
pre 1000262 1000007 0.4317 2316656 328002296 0.4315
post 1000262 1000007 0.4370 2288461 512003584 0.4365
pre 1000262 1000007 0.4324 2312574 328002296 0.4317
post 1000262 1000007 0.4380 2283098 512003584 0.4376
pre 1000262 1000007 0.4300 2325817 328002296 0.4298
post 1000262 1000007 0.4380 2283141 512003584 0.4378
pre 1000262 1000007 0.4311 2319717 328002296 0.4308
post 1000262 1000007 0.4384 2281260 512003584 0.4381
pre 1000262 1000007 0.4309 2320618 328002296 0.4305
post 1000262 1000007 0.4412 2266812 512003584 0.4409
pre 1000262 1000007 0.5010 1995893 328002296 0.5006
post 1000262 1000007 0.5010 1996072 512003584 0.5003
pre 1000262 1000007 0.4905 2038707 328002296 0.4901
post 1000262 1000007 0.4975 2010201 512003584 0.4968
pre 1000262 1000007 0.4594 2176888 328002296 0.4588
post 1000262 1000007 0.4364 2291390 512003584 0.4361
pre 1000262 1000007 0.4307 2321802 328002296 0.4304
post 1000262 1000007 0.4356 2295456 512003584 0.4355
pre 1000262 1000007 0.4426 2259372 328002296 0.4424
post 1000262 1000007 0.4387 2279440 512003584 0.4381
pre 1000262 1000007 0.4317 2316403 328002296 0.4315
post 1000262 1000007 0.4394 2276080 512003584 0.4390
pre 1000262 1000007 0.4315 2317602 328002296 0.4302
post 1000262 1000007 0.4446 2249481 512003584 0.4443
pre 1000262 1000007 0.4789 2088192 328002296 0.4786
post 1000262 1000007 0.5178 1931406 512003584 0.5170
pre 1000262 1000007 0.4387 2279379 328002296 0.4381
post 1000262 1000007 0.4395 2275462 512003584 0.4392
pre 1000262 1000007 0.5002 1999290 328002296 0.4998
post 1000262 1000007 0.5106 1958376 512003584 0.5102
pre 1000262 1000007 0.4639 2155799 328002296 0.4636
post 1000262 1000007 0.4468 2238238 512003584 0.4462
pre 1000262 1000007 0.4295 2328051 328002296 0.4293
post 1000262 1000007 0.5073 1971209 512003584 0.5070
pre 1000262 1000007 0.4782 2091000 328002296 0.4778
post 1000262 1000007 0.4398 2273714 512003584 0.4396
pre 1000262 1000007 0.4341 2303480 328002296 0.4339
post 1000262 1000007 0.4396 2274709 512003584 0.4393
pre 1000262 1000007 0.4267 2343568 328002296 0.4259
post 1000262 1000007 0.4408 2268405 512003584 0.4406
pre 1000262 1000007 0.4376 2285433 328002296 0.4373
post 1000262 1000007 0.4383 2281499 512003584 0.4377
pre 1000262 1000007 0.4314 2317813 328002296 0.4311
post 1000262 1000007 0.4422 2261272 512003584 0.4419
pre 1000262 1000007 0.5006 1997478 328002296 0.5004
post 1000262 1000007 0.5095 1962676 512003584 0.5037
pre 1000262 1000007 0.4896 2042607 328002296 0.4893
post 1000262 1000007 0.4993 2002985 512003584 0.4989
pre 1000262 1000007 0.5002 1999105 328002296 0.4999
post 1000262 1000007 0.5017 1993167 512003584 0.5013
pre 1000262 1000007 0.4913 2035551 328002296 0.4906
post 1000262 1000007 0.5012 1995045 512003584 0.5008
pre 1000262 1000007 0.4937 2025448 328002296 0.4935
post 1000262 1000007 0.5015 1993864 512003584 0.5012
pre 1000262 1000007 0.4869 2053959 328002296 0.4866
post 1000262 1000007 0.4979 2008481 512003584 0.4975
pre 1000262 1000007 0.4957 2017447 328002296 0.4954
post 1000262 1000007 0.4917 2033971 512003584 0.4914
pre 1000262 1000007 0.4398 2273643 328002296 0.4396
post 1000262 1000007 0.4416 2264411 512003584 0.4412
pre 1000262 1000007 0.4280 2336722 328002296 0.4277
post 1000262 1000007 0.4410 2267697 512003584 0.4407
pre 1000262 1000007 0.4406 2269413 328002296 0.4396
post 1000262 1000007 0.4412 2266628 512003584 0.4409
pre 1000262 1000007 0.4331 2308992 328002296 0.4328
post 1000262 1000007 0.4360 2293407 512003584 0.4358
pre 1000262 1000007 0.4333 2307969 328002296 0.4330
post 1000262 1000007 0.5046 1981781 512003584 0.5043
pre 1000262 1000007 0.4891 2044720 328002296 0.4886
post 1000262 1000007 0.5028 1988704 512003584 0.5025
pre 1000262 1000007 0.4889 2045610 328002296 0.4885
post 1000262 1000007 0.4998 2000754 512003584 0.4995
pre 1000262 1000007 0.4854 2060131 328002296 0.4849
post 1000262 1000007 0.4987 2005314 512003584 0.4983
pre 1000262 1000007 0.4869 2053801 328002296 0.4862
post 1000262 1000007 0.4564 2191246 512003584 0.4560
pre 1000262 1000007 0.4413 2265835 328002296 0.4406
post 1000262 1000007 0.4914 2035159 512003584 0.4911
pre 1000262 1000007 0.4282 2335601 328002296 0.4275
post 1000262 1000007 0.6005 1665405 512003584 0.6001
pre 1000262 1000007 0.4286 2332969 328002296 0.4283
post 1000262 1000007 0.4360 2293411 512003584 0.4358
pre 1000262 1000007 0.4277 2338229 328002296 0.4275
post 1000262 1000007 0.4375 2285911 512003584 0.4369
pre 1000262 1000007 0.4719 2118990 328002296 0.4717
post 1000262 1000007 0.4406 2269712 512003584 0.4401
pre 1000262 1000007 0.4611 2168625 328002296 0.4604
post 1000262 1000007 0.4797 2084833 512003584 0.4793
pre 1000262 1000007 0.4829 2070958 328002296 0.4826
post 1000262 1000007 0.4401 2272113 512003584 0.4397
pre 1000262 1000007 0.4281 2336097 328002296 0.4279
post 1000262 1000007 0.4390 2277922 512003584 0.4387
pre 1000262 1000007 0.4300 2325523 328002296 0.4298
post 1000262 1000007 0.4362 2292287 512003584 0.4360
pre 1000262 1000007 0.4293 2329570 328002296 0.4289
post 1000262 1000007 0.4382 2282324 512003584 0.4379
pre 1000262 1000007 0.4295 2328523 328002296 0.4291
post 1000262 1000007 0.4999 2000332 512003584 0.4995
pre 1000262 1000007 0.4915 2034420 328002296 0.4908
post 1000262 1000007 0.5013 1994802 512003584 0.5011
pre 1000262 1000007 0.4876 2050878 328002296 0.4872
post 1000262 1000007 0.5038 1984914 512003584 0.5035
pre 1000262 1000007 0.5065 1974212 328002296 0.5061
post 1000262 1000007 0.4998 2001005 512003584 0.4995
pre 1000262 1000007 0.5141 1945260 328002296 0.5137
post 1000262 1000007 0.5013 1994933 512003584 0.5007
pre 1000262 1000007 0.4962 2015374 328002296 0.4959
post 1000262 1000007 0.4986 2005599 512003584 0.4984
pre 1000262 1000007 0.4953 2019147 328002296 0.4948
post 1000262 1000007 0.5097 1961763 512003584 0.5090
pre 1000262 1000007 0.4917 2033920 328002296 0.4913
post 1000262 1000007 0.4967 2013108 512003584 0.4965
pre 1000262 1000007 0.4506 2219264 328002296 0.4502
post 1000262 1000007 0.4429 2257904 512003584 0.4427
pre 1000262 1000007 0.4309 2320572 328002296 0.4306
post 1000262 1000007 0.4663 2144381 512003584 0.4661
pre 1000262 1000007 0.4318 2316093 328002296 0.4315
post 1000262 1000007 0.4361 2293079 512003584 0.4358
pre 1000262 1000007 0.4286 2333153 328002296 0.4284
post 1000262 1000007 0.4346 2301000 512003584 0.4344
pre 1000262 1000007 0.4274 2339613 328002296 0.4272
post 1000262 1000007 0.4381 2282679 512003584 0.4374
pre 1000262 1000007 0.4295 2328173 328002296 0.4292
post 1000262 1000007 0.4376 2285099 512003584 0.4372
pre 1000262 1000007 0.4275 2339088 328002296 0.4273
post 1000262 1000007 0.4505 2219551 512003584 0.4503
pre 1000262 1000007 0.4311 2319489 328002296 0.4305
post 1000262 1000007 0.4389 2278423 512003584 0.4386
pre 1000262 1000007 0.4285 2333718 328002296 0.4282
post 1000262 1000007 0.4357 2295055 512003584 0.4355
pre 1000262 1000007 0.4873 2052024 328002296 0.4870
post 1000262 1000007 0.5010 1996011 512003584 0.5006
pre 1000262 1000007 0.4741 2109169 328002296 0.4736
post 1000262 1000007 0.4375 2285688 512003584 0.4369
pre 1000262 1000007 0.4352 2297799 328002296 0.4349
post 1000262 1000007 0.4387 2279555 512003584 0.4384
pre 1000262 1000007 0.4323 2313441 328002296 0.4320
post 1000262 1000007 0.4396 2274798 512003584 0.4393
pre 1000262 1000007 0.4322 2313538 328002296 0.4320
post 1000262 1000007 0.4399 2273486 512003584 0.4396
pre 1000262 1000007 0.4280 2336670 328002296 0.4277
post 1000262 1000007 0.4375 2285737 512003584 0.4371
pre 1000262 1000007 0.4307 2321803 328002296 0.4305
post 1000262 1000007 0.4447 2248729 512003584 0.4444
pre 1000262 1000007 0.4342 2302966 328002296 0.4335
post 1000262 1000007 0.4400 2272698 512003584 0.4396
pre 1000262 1000007 0.4332 2308478 328002296 0.4325
post 1000262 1000007 0.4633 2158346 512003584 0.4631
pre 1000262 1000007 0.4388 2278830 328002296 0.4386
post 1000262 1000007 0.4415 2264833 512003584 0.4409
pre 1000262 1000007 0.4317 2316366 328002296 0.4314
post 1000262 1000007 0.4427 2258928 512003584 0.4415
pre 1000262 1000007 0.4409 2267989 328002296 0.4406
post 1000262 1000007 0.4389 2278426 512003584 0.4387
